version https://git-lfs.github.com/spec/v1
oid sha256:ff44bc4f28957ac9ae0a57e5cb2c775348a0004b6c3a1ec487676e5d49ecad71
size 129059
