version https://git-lfs.github.com/spec/v1
oid sha256:0edbfaf4449eec505b3c5f4f6c870662c7322f2b60e76566e3df38cdd0b42dc4
size 125291
