version https://git-lfs.github.com/spec/v1
oid sha256:e338622c8e631ac751003aee18040743596b6525852a2e167470c0d129c7f125
size 131219
