version https://git-lfs.github.com/spec/v1
oid sha256:f5bad462157bf04407ff9eec82c09b6aee24059aecc98021a42b9d8129dfe506
size 126349
