version https://git-lfs.github.com/spec/v1
oid sha256:8043b920a0ef95906cb6c63b99b9a6238123ec385e0ffafe15c742ddef93e50c
size 105763
